MH 45  9.85% (Martin Hepperle; coordinates via UIUC Airfoil 
1.000000 0.015722
0.999902 0.015709
0.999610 0.015670
0.999122 0.015605
0.998439 0.015516
0.997562 0.015404
0.996491 0.015272
0.995225 0.015123
0.993767 0.014958
0.992115 0.014781
0.990272 0.014596
0.988237 0.014405
0.986011 0.014212
0.983596 0.014020
0.980992 0.013832
0.978200 0.013651
0.975222 0.013481
0.972058 0.013324
0.968710 0.013181
0.965179 0.013056
0.961466 0.012949
0.957573 0.012863
0.953501 0.012799
0.949253 0.012758
0.944829 0.012740
0.940231 0.012747
0.935461 0.012780
0.930522 0.012839
0.925414 0.012925
0.920141 0.013039
0.914703 0.013182
0.909103 0.013355
0.903344 0.013561
0.897427 0.013799
0.891355 0.014073
0.885131 0.014384
0.878756 0.014734
0.872233 0.015127
0.865565 0.015564
0.858754 0.016048
0.851803 0.016582
0.844714 0.017169
0.837492 0.017810
0.830137 0.018508
0.822653 0.019264
0.815044 0.020081
0.807311 0.020958
0.799459 0.021898
0.791490 0.022899
0.783407 0.023962
0.775213 0.025085
0.766912 0.026266
0.758506 0.027502
0.750000 0.028792
0.741396 0.030130
0.732698 0.031514
0.723909 0.032938
0.715033 0.034397
0.706072 0.035887
0.697031 0.037401
0.687914 0.038935
0.678723 0.040483
0.669462 0.042038
0.660135 0.043596
0.650745 0.045151
0.641297 0.046698
0.631794 0.048234
0.622239 0.049752
0.612636 0.051251
0.602989 0.052727
0.593302 0.054176
0.583579 0.055597
0.573823 0.056987
0.564039 0.058346
0.554229 0.059671
0.544398 0.060962
0.534550 0.062219
0.524688 0.063441
0.514817 0.064628
0.504940 0.065779
0.495060 0.066894
0.485183 0.067973
0.475312 0.069015
0.465450 0.070021
0.455602 0.070988
0.445771 0.071916
0.435961 0.072804
0.426177 0.073651
0.416421 0.074454
0.406698 0.075212
0.397011 0.075924
0.387364 0.076586
0.377761 0.077197
0.368206 0.077755
0.358703 0.078258
0.349255 0.078703
0.339865 0.079091
0.330538 0.079417
0.321277 0.079683
0.312086 0.079885
0.302969 0.080025
0.293928 0.080101
0.284967 0.080113
0.276091 0.080062
0.267302 0.079948
0.258604 0.079771
0.250000 0.079533
0.241494 0.079235
0.233088 0.078877
0.224787 0.078460
0.216593 0.077987
0.208510 0.077458
0.200541 0.076873
0.192689 0.076233
0.184956 0.075540
0.177347 0.074792
0.169863 0.073991
0.162508 0.073135
0.155286 0.072225
0.148197 0.071259
0.141246 0.070236
0.134435 0.069156
0.127767 0.068018
0.121244 0.066819
0.114869 0.065560
0.108645 0.064239
0.102573 0.062856
0.096656 0.061410
0.090897 0.059901
0.085297 0.058331
0.079859 0.056699
0.074586 0.055008
0.069478 0.053260
0.064539 0.051457
0.059769 0.049603
0.055171 0.047702
0.050747 0.045758
0.046499 0.043776
0.042427 0.041762
0.038534 0.039720
0.034821 0.037657
0.031290 0.035578
0.027942 0.033490
0.024778 0.031398
0.021800 0.029308
0.019008 0.027223
0.016404 0.025150
0.013989 0.023092
0.011763 0.021052
0.009728 0.019033
0.007885 0.017036
0.006233 0.015063
0.004775 0.013113
0.003509 0.011187
0.002438 0.009283
0.001561 0.007398
0.000878 0.005531
0.000390 0.003678
0.000098 0.001835
0.000000 0.000000
0.000098 -0.001213
0.000390 -0.002426
0.000878 -0.003640
0.001561 -0.004859
0.002438 -0.006084
0.003509 -0.007317
0.004775 -0.008561
0.006233 -0.009815
0.007885 -0.011080
0.009728 -0.012357
0.011763 -0.013646
0.013989 -0.014946
0.016404 -0.016255
0.019008 -0.017573
0.021800 -0.018896
0.024778 -0.020222
0.027942 -0.021549
0.031290 -0.022873
0.034821 -0.024190
0.038534 -0.025497
0.042427 -0.026790
0.046499 -0.028064
0.050747 -0.029317
0.055171 -0.030543
0.059769 -0.031740
0.064539 -0.032903
0.069478 -0.034029
0.074586 -0.035114
0.079859 -0.036157
0.085297 -0.037154
0.090897 -0.038103
0.096656 -0.039003
0.102573 -0.039852
0.108645 -0.040649
0.114869 -0.041394
0.121244 -0.042087
0.127767 -0.042728
0.134435 -0.043317
0.141246 -0.043855
0.148197 -0.044344
0.155286 -0.044784
0.162508 -0.045177
0.169863 -0.045524
0.177347 -0.045827
0.184956 -0.046087
0.192689 -0.046307
0.200541 -0.046487
0.208510 -0.046630
0.216593 -0.046735
0.224787 -0.046806
0.233088 -0.046842
0.241494 -0.046844
0.250000 -0.046814
0.258604 -0.046752
0.267302 -0.046659
0.276091 -0.046534
0.284967 -0.046380
0.293928 -0.046194
0.302969 -0.045979
0.312086 -0.045734
0.321277 -0.045459
0.330538 -0.045155
0.339865 -0.044822
0.349255 -0.044460
0.358703 -0.044070
0.368206 -0.043653
0.377761 -0.043210
0.387364 -0.042741
0.397011 -0.042248
0.406698 -0.041732
0.416421 -0.041194
0.426177 -0.040635
0.435961 -0.040058
0.445771 -0.039464
0.455602 -0.038855
0.465450 -0.038233
0.475312 -0.037599
0.485183 -0.036955
0.495060 -0.036303
0.504940 -0.035645
0.514817 -0.034981
0.524688 -0.034313
0.534550 -0.033643
0.544398 -0.032971
0.554229 -0.032299
0.564039 -0.031626
0.573823 -0.030953
0.583579 -0.030280
0.593302 -0.029607
0.602989 -0.028935
0.612636 -0.028261
0.622239 -0.027587
0.631794 -0.026910
0.641297 -0.026231
0.650745 -0.025548
0.660135 -0.024860
0.669462 -0.024166
0.678723 -0.023466
0.687914 -0.022758
0.697031 -0.022042
0.706072 -0.021316
0.715033 -0.020580
0.723909 -0.019833
0.732698 -0.019076
0.741396 -0.018307
0.750000 -0.017528
0.758506 -0.016737
0.766912 -0.015936
0.775213 -0.015124
0.783407 -0.014303
0.791490 -0.013474
0.799459 -0.012637
0.807311 -0.011793
0.815044 -0.010944
0.822653 -0.010091
0.830137 -0.009235
0.837492 -0.008378
0.844714 -0.007521
0.851803 -0.006665
0.858754 -0.005812
0.865565 -0.004962
0.872233 -0.004118
0.878756 -0.003280
0.885131 -0.002449
0.891355 -0.001626
0.897427 -0.000812
0.903344 -0.000008
0.909103 0.000785
0.914703 0.001568
0.920141 0.002338
0.925414 0.003096
0.930522 0.003840
0.935461 0.004571
0.940231 0.005288
0.944829 0.005990
0.949253 0.006677
0.953501 0.007348
0.957573 0.008001
0.961466 0.008637
0.965179 0.009254
0.968710 0.009852
0.972058 0.010428
0.975222 0.010982
0.978200 0.011513
0.980992 0.012019
0.983596 0.012499
0.986011 0.012951
0.988237 0.013374
0.990272 0.013766
0.992115 0.014127
0.993767 0.014453
0.995225 0.014745
0.996491 0.015001
0.997562 0.015219
0.998439 0.015399
0.999122 0.015540
0.999610 0.015641
0.999902 0.015702
1.000000 0.015722
