MH45 +3.5deg reflex, camber x1.10 (loft trainer section)
1.000000 0.018349
0.999902 0.018332
0.999610 0.018283
0.999122 0.018203
0.998439 0.018091
0.997562 0.017951
0.996491 0.017785
0.995225 0.017594
0.993767 0.017382
0.992115 0.017152
0.990272 0.016907
0.988237 0.016651
0.986011 0.016386
0.983596 0.016117
0.980992 0.015846
0.978200 0.015577
0.975222 0.015313
0.972058 0.015056
0.968710 0.014808
0.965179 0.014572
0.961466 0.014350
0.957573 0.014144
0.953501 0.013954
0.949253 0.013783
0.944829 0.013630
0.940231 0.013498
0.935461 0.013387
0.930522 0.013297
0.925414 0.013231
0.920141 0.013188
0.914703 0.013171
0.909103 0.013179
0.903344 0.013216
0.897427 0.013282
0.891355 0.013380
0.885131 0.013511
0.878756 0.013679
0.872233 0.013885
0.865565 0.014133
0.858754 0.014424
0.851803 0.014762
0.844714 0.015150
0.837492 0.015590
0.830137 0.016084
0.822653 0.016635
0.815044 0.017243
0.807311 0.017911
0.799459 0.018639
0.791490 0.019428
0.783407 0.020276
0.775213 0.021184
0.766912 0.022149
0.758506 0.023169
0.750000 0.024243
0.741396 0.025365
0.732698 0.026533
0.723909 0.027741
0.715033 0.028986
0.706072 0.030262
0.697031 0.031564
0.687914 0.032886
0.678723 0.034224
0.669462 0.035570
0.660135 0.036921
0.650745 0.038270
0.641297 0.039613
0.631794 0.040946
0.622239 0.042264
0.612636 0.043564
0.602989 0.044842
0.593302 0.046095
0.583579 0.047322
0.573823 0.048519
0.564039 0.049687
0.554229 0.050823
0.544398 0.051928
0.534550 0.053000
0.524688 0.054039
0.514817 0.055045
0.504940 0.056019
0.495060 0.056959
0.485183 0.057867
0.475312 0.058741
0.465450 0.059583
0.455602 0.060390
0.445771 0.061163
0.435961 0.061900
0.426177 0.062602
0.416421 0.063266
0.406698 0.063891
0.397011 0.064475
0.387364 0.065017
0.377761 0.065515
0.368206 0.065968
0.358703 0.066373
0.349255 0.066729
0.339865 0.067035
0.330538 0.067288
0.321277 0.067489
0.312086 0.067635
0.302969 0.067727
0.293928 0.067764
0.284967 0.067746
0.276091 0.067674
0.267302 0.067546
0.258604 0.067366
0.250000 0.067132
0.241494 0.066847
0.233088 0.066511
0.224787 0.066126
0.216593 0.065693
0.208510 0.065213
0.200541 0.064686
0.192689 0.064115
0.184956 0.063498
0.177347 0.062838
0.169863 0.062134
0.162508 0.061387
0.155286 0.060595
0.148197 0.059758
0.141246 0.058877
0.134435 0.057950
0.127767 0.056975
0.121244 0.055953
0.114869 0.054883
0.108645 0.053763
0.102573 0.052593
0.096656 0.051372
0.090897 0.050101
0.085297 0.048780
0.079859 0.047409
0.074586 0.045990
0.069478 0.044524
0.064539 0.043013
0.059769 0.041460
0.055171 0.039868
0.050747 0.038240
0.046499 0.036581
0.042427 0.034895
0.038534 0.033187
0.034821 0.031460
0.031290 0.029721
0.027942 0.027973
0.024778 0.026222
0.021800 0.024473
0.019008 0.022729
0.016404 0.020994
0.013989 0.019272
0.011763 0.017566
0.009728 0.015877
0.007885 0.014208
0.006233 0.012559
0.004775 0.010930
0.003509 0.009322
0.002438 0.007733
0.001561 0.006161
0.000878 0.004605
0.000390 0.003061
0.000098 0.001527
0.000000 0.000000
0.000098 -0.000844
0.000390 -0.001686
0.000878 -0.002528
0.001561 -0.003372
0.002438 -0.004219
0.003509 -0.005070
0.004775 -0.005927
0.006233 -0.006790
0.007885 -0.007660
0.009728 -0.008537
0.011763 -0.009422
0.013989 -0.010313
0.016404 -0.011210
0.019008 -0.012113
0.021800 -0.013019
0.024778 -0.013927
0.027942 -0.014835
0.031290 -0.015741
0.034821 -0.016643
0.038534 -0.017538
0.042427 -0.018422
0.046499 -0.019295
0.050747 -0.020152
0.055171 -0.020990
0.059769 -0.021807
0.064539 -0.022601
0.069478 -0.023368
0.074586 -0.024105
0.079859 -0.024812
0.085297 -0.025486
0.090897 -0.026124
0.096656 -0.026726
0.102573 -0.027291
0.108645 -0.027817
0.114869 -0.028304
0.121244 -0.028751
0.127767 -0.029160
0.134435 -0.029530
0.141246 -0.029861
0.148197 -0.030155
0.155286 -0.030412
0.162508 -0.030634
0.169863 -0.030822
0.177347 -0.030977
0.184956 -0.031101
0.192689 -0.031195
0.200541 -0.031261
0.208510 -0.031300
0.216593 -0.031313
0.224787 -0.031303
0.233088 -0.031269
0.241494 -0.031214
0.250000 -0.031138
0.258604 -0.031041
0.267302 -0.030925
0.276091 -0.030790
0.284967 -0.030637
0.293928 -0.030465
0.302969 -0.030276
0.312086 -0.030068
0.321277 -0.029844
0.330538 -0.029601
0.339865 -0.029341
0.349255 -0.029065
0.358703 -0.028771
0.368206 -0.028461
0.377761 -0.028134
0.387364 -0.027793
0.397011 -0.027436
0.406698 -0.027066
0.416421 -0.026683
0.426177 -0.026287
0.435961 -0.025882
0.445771 -0.025467
0.455602 -0.025044
0.465450 -0.024615
0.475312 -0.024181
0.485183 -0.023744
0.495060 -0.023305
0.504940 -0.022866
0.514817 -0.022428
0.524688 -0.021992
0.534550 -0.021560
0.544398 -0.021132
0.554229 -0.020708
0.564039 -0.020291
0.573823 -0.019878
0.583579 -0.019472
0.593302 -0.019070
0.602989 -0.018673
0.612636 -0.018279
0.622239 -0.017888
0.631794 -0.017499
0.641297 -0.017109
0.650745 -0.016718
0.660135 -0.016323
0.669462 -0.015922
0.678723 -0.015514
0.687914 -0.015097
0.697031 -0.014669
0.706072 -0.014229
0.715033 -0.013774
0.723909 -0.013303
0.732698 -0.012815
0.741396 -0.012308
0.750000 -0.011783
0.758506 -0.011239
0.766912 -0.010674
0.775213 -0.010090
0.783407 -0.009486
0.791490 -0.008863
0.799459 -0.008221
0.807311 -0.007562
0.815044 -0.006887
0.822653 -0.006197
0.830137 -0.005494
0.837492 -0.004779
0.844714 -0.004053
0.851803 -0.003319
0.858754 -0.002578
0.865565 -0.001833
0.872233 -0.001083
0.878756 -0.000332
0.885131 0.000419
0.891355 0.001170
0.897427 0.001918
0.903344 0.002663
0.909103 0.003403
0.914703 0.004137
0.920141 0.004865
0.925414 0.005586
0.930522 0.006298
0.935461 0.007002
0.940231 0.007697
0.944829 0.008381
0.949253 0.009053
0.953501 0.009714
0.957573 0.010362
0.961466 0.010997
0.965179 0.011616
0.968710 0.012218
0.972058 0.012804
0.975222 0.013369
0.978200 0.013914
0.980992 0.014437
0.983596 0.014934
0.986011 0.015406
0.988237 0.015849
0.990272 0.016262
0.992115 0.016643
0.993767 0.016990
0.995225 0.017300
0.996491 0.017573
0.997562 0.017807
0.998439 0.018001
0.999122 0.018152
0.999610 0.018261
0.999902 0.018327
1.000000 0.018349
